-40.398724247519	-1	0	-1	-1	-1	-1	-1	-1	-1	-1	-1	-1	-1	-1	-1	-1	-1	-1	-1	0	-1	-1	0	-1	-1	-1	-1	-1	-1	-1	-1	-1	-1	-1	-1	-1	0	-1	-1	0	-1	-1	-1	-1	0	-1	-1	-1	-1	-1	0	-1	-1	-1	-1	-1	-1	-1	-1	-1	-1	-1	0	-1	-1	-1	0	-1	-1	-1	-1	-1	0	-1	-1	-1	-1	-1	0	-1	0	-1	-1	-1	-1	-1	-1	-1	-1	-1	0	-1	-1	-1	-1	-1	-1	-1	-1	-1
-46.3587108250787	-1	-1	-1	0	-1	-1	-1	-1	-1	-1	-1	-1	-1	-1	0	0	-1	-1	-1	-1	-1	-1	-1	-1	-1	-1	0	-1	-1	-1	-1	0	0	-1	-1	-1	-1	-1	-1	0	-1	-1	-1	0	0	-1	-1	-1	0	0	0	-1	0	0	-1	-1	-1	0	-1	0	-1	-1	-1	-1	-1	-1	-1	-1	-1	-1	-1	-1	0	-1	-1	1	-1	-1	-1	-1	-1	-1	-1	-1	-1	0	-1	-1	-1	0	-1	-1	-1	-1	-1	-1	0	-1	-1	-1
-33.6027831953641	-1	-1	-1	-1	-1	-1	-1	-1	-1	-1	-1	0	-1	-1	0	-1	-1	-1	-1	-1	-1	-1	0	-1	-1	0	-1	-1	-1	0	-1	-1	-1	-1	0	-1	-1	-1	-1	-1	-1	-1	0	-1	-1	-1	0	-1	-1	-1	-1	-1	-1	0	0	-1	-1	-1	-1	-1	-1	-1	-1	-1	-1	-1	-1	-1	-1	-1	-1	-1	-1	-1	0	-1	-1	-1	-1	0	-1	-1	-1	-1	0	0	-1	-1	-1	-1	-1	-1	-1	-1	-1	-1	-1	-1	-1	-1
-48.4717679761081	0	-1	-1	-1	-1	-1	-1	-1	-1	-1	-1	0	-1	-1	-1	-1	-1	0	-1	-1	-1	-1	-1	-1	-1	0	-1	-1	-1	-1	0	-1	-1	-1	-1	-1	0	0	0	-1	-1	-1	-1	-1	-1	-1	0	-1	-1	-1	-1	0	-1	0	-1	-1	-1	-1	0	-1	-1	0	-1	-1	-1	0	-1	-1	-1	-1	-1	-1	-1	0	0	-1	-1	-1	-1	-1	-1	-1	-1	-1	0	-1	-1	-1	-1	-1	-1	0	0	-1	-1	-1	0	-1	-1	-1
-38.8208891361748	-1	-1	0	-1	0	0	-1	-1	0	-1	-1	-1	-1	-1	0	-1	-1	-1	0	-1	-1	-1	-1	-1	-1	-1	-1	-1	-1	-1	-1	-1	-1	-1	0	0	-1	-1	-1	-1	-1	-1	-1	-1	-1	0	0	-1	-1	0	-1	-1	-1	-1	-1	-1	-1	0	0	-1	-1	-1	-1	-1	-1	-1	-1	0	-1	-1	-1	-1	0	-1	-1	-1	-1	-1	-1	-1	0	-1	-1	-1	0	-1	0	0	-1	-1	-1	-1	0	-1	-1	-1	1	-1	0	-1
-40.5578047632729	-1	-1	-1	-1	0	-1	-1	0	1	-1	-1	0	-1	0	-1	-1	-1	-1	-1	-1	-1	-1	-1	-1	-1	-1	-1	-1	-1	-1	-1	0	-1	-1	-1	0	-1	-1	-1	-1	-1	-1	-1	-1	-1	-1	-1	-1	-1	0	-1	-1	-1	0	-1	-1	-1	-1	-1	-1	-1	0	-1	-1	-1	-1	-1	-1	-1	-1	-1	-1	0	-1	-1	0	-1	-1	-1	-1	0	-1	-1	-1	-1	-1	-1	-1	0	-1	0	-1	-1	-1	-1	-1	0	-1	-1	-1
-54.9776206788149	0	-1	-1	0	-1	-1	-1	-1	-1	0	-1	0	-1	-1	-1	-1	-1	0	-1	-1	-1	-1	-1	-1	-1	-1	-1	-1	-1	-1	-1	-1	-1	-1	-1	0	-1	-1	-1	-1	-1	-1	-1	0	-1	-1	-1	-1	-1	-1	-1	0	-1	-1	-1	-1	-1	-1	-1	-1	-1	-1	0	-1	-1	-1	-1	-1	-1	-1	-1	-1	-1	-1	-1	-1	-1	-1	-1	0	0	-1	-1	-1	-1	-1	-1	-1	-1	-1	-1	-1	0	-1	-1	0	-1	-1	0	-1
-56.5865819428925	-1	0	-1	0	-1	-1	-1	-1	-1	-1	-1	0	-1	-1	-1	-1	-1	-1	-1	-1	0	-1	-1	-1	-1	-1	-1	-1	-1	-1	-1	-1	0	-1	-1	-1	-1	-1	-1	-1	0	-1	-1	0	-1	0	0	-1	-1	-1	-1	-1	-1	-1	-1	-1	-1	-1	-1	-1	-1	-1	-1	-1	0	-1	-1	0	-1	-1	-1	-1	-1	-1	0	-1	-1	-1	0	-1	-1	-1	0	-1	-1	-1	-1	-1	-1	0	-1	-1	-1	0	-1	0	0	-1	-1	-1
-56.3616732284046	-1	-1	-1	-1	-1	-1	-1	-1	-1	-1	0	-1	0	-1	-1	-1	0	-1	-1	-1	-1	-1	-1	-1	-1	-1	-1	0	-1	-1	-1	0	0	-1	-1	-1	-1	-1	-1	0	-1	-1	-1	0	0	-1	0	-1	-1	-1	-1	-1	-1	-1	-1	-1	0	-1	-1	-1	-1	0	0	-1	0	-1	-1	-1	-1	-1	-1	-1	-1	-1	-1	-1	-1	-1	-1	-1	-1	-1	-1	0	-1	0	-1	0	-1	-1	-1	-1	-1	-1	-1	-1	-1	0	-1	-1
-42.2388137753463	0	-1	-1	-1	-1	-1	-1	0	-1	-1	-1	-1	-1	-1	-1	0	-1	0	-1	-1	0	-1	-1	-1	-1	-1	-1	-1	-1	-1	-1	-1	-1	-1	0	-1	0	-1	-1	-1	0	0	0	-1	-1	-1	-1	-1	-1	-1	-1	-1	-1	-1	-1	-1	-1	-1	-1	-1	-1	-1	1	0	-1	-1	-1	-1	-1	-1	-1	0	0	-1	-1	-1	-1	-1	-1	-1	-1	-1	0	-1	-1	-1	-1	0	-1	-1	-1	-1	-1	-1	-1	-1	-1	0	-1	-1
-56.6113520565101	-1	-1	-1	-1	-1	-1	-1	-1	-1	-1	-1	-1	-1	-1	-1	-1	-1	0	-1	-1	-1	-1	-1	-1	-1	-1	-1	-1	-1	-1	-1	-1	0	-1	-1	-1	-1	-1	-1	-1	-1	-1	1	-1	-1	-1	-1	-1	-1	-1	-1	-1	-1	-1	-1	-1	-1	-1	-1	-1	-1	-1	-1	0	-1	-1	0	-1	-1	-1	-1	0	-1	-1	-1	-1	0	-1	-1	-1	-1	-1	-1	-1	0	-1	0	-1	0	-1	-1	-1	0	-1	-1	-1	-1	-1	-1	-1
-16.9355457624171	0	-1	-1	0	-1	-1	0	0	-1	-1	-1	-1	-1	0	-1	-1	-1	-1	-1	-1	-1	0	0	-1	-1	1	-1	-1	-1	0	-1	-1	-1	-1	-1	-1	-1	-1	-1	-1	-1	0	-1	-1	-1	-1	-1	-1	0	-1	-1	-1	-1	-1	-1	0	-1	-1	0	-1	-1	0	-1	0	-1	-1	-1	-1	-1	-1	0	-1	-1	-1	-1	-1	-1	-1	-1	0	-1	-1	-1	-1	-1	-1	-1	-1	-1	-1	0	0	-1	-1	-1	-1	-1	0	0	-1
-56.8638893368692	-1	-1	-1	-1	-1	-1	-1	0	-1	-1	-1	-1	0	0	0	-1	-1	-1	-1	-1	-1	0	-1	0	-1	-1	-1	-1	0	-1	-1	-1	0	-1	-1	-1	0	-1	-1	-1	-1	-1	0	-1	-1	-1	-1	-1	0	-1	0	-1	-1	-1	-1	-1	-1	-1	0	-1	-1	-1	-1	-1	-1	-1	0	-1	-1	-1	-1	0	-1	-1	-1	0	-1	-1	-1	-1	0	-1	-1	-1	-1	0	-1	-1	-1	0	-1	-1	-1	-1	-1	-1	-1	0	-1	-1
-40.2948600741373	-1	-1	-1	-1	-1	-1	-1	0	-1	-1	-1	-1	-1	-1	-1	-1	-1	-1	-1	-1	-1	-1	0	-1	0	-1	-1	-1	0	0	-1	0	-1	-1	-1	-1	-1	0	-1	-1	-1	-1	-1	-1	0	-1	-1	-1	0	-1	-1	1	0	0	0	-1	-1	-1	-1	-1	0	-1	-1	0	-1	1	-1	-1	0	-1	0	-1	0	1	-1	0	-1	-1	-1	-1	-1	-1	-1	-1	-1	-1	-1	-1	-1	-1	-1	-1	0	-1	-1	-1	-1	-1	-1	-1
-37.7673944094167	-1	-1	-1	-1	-1	0	0	0	0	-1	-1	-1	-1	1	1	-1	-1	0	-1	0	-1	0	-1	-1	0	-1	-1	-1	-1	-1	0	0	-1	-1	-1	-1	-1	-1	-1	-1	-1	-1	1	-1	-1	0	-1	-1	-1	-1	-1	-1	-1	-1	-1	-1	-1	-1	-1	0	-1	-1	0	-1	-1	-1	-1	0	-1	0	-1	-1	0	-1	-1	-1	-1	-1	-1	-1	-1	-1	-1	-1	0	-1	-1	-1	-1	-1	-1	0	-1	-1	0	-1	-1	-1	-1	-1
-47.6436056076569	-1	-1	-1	-1	-1	-1	-1	-1	-1	-1	-1	-1	-1	-1	-1	-1	-1	0	0	-1	-1	-1	-1	-1	0	0	-1	-1	-1	-1	-1	-1	-1	-1	-1	-1	-1	-1	-1	-1	-1	-1	0	-1	-1	-1	-1	0	-1	-1	0	-1	-1	0	-1	-1	-1	0	-1	-1	-1	-1	-1	-1	-1	-1	-1	-1	-1	-1	-1	-1	-1	-1	-1	0	0	-1	-1	-1	-1	-1	-1	-1	-1	-1	-1	0	0	-1	-1	-1	0	0	-1	0	-1	-1	-1	-1
-53.7587667663395	-1	-1	-1	-1	-1	-1	-1	-1	-1	-1	-1	-1	-1	-1	0	-1	-1	0	0	-1	-1	-1	-1	-1	-1	-1	-1	-1	-1	-1	-1	-1	-1	0	-1	-1	-1	-1	-1	-1	-1	-1	0	0	0	-1	0	0	-1	-1	-1	0	-1	-1	-1	-1	-1	-1	-1	-1	-1	-1	-1	-1	-1	-1	-1	-1	0	-1	-1	-1	-1	-1	-1	0	-1	-1	-1	-1	-1	-1	-1	-1	-1	0	-1	-1	-1	-1	-1	0	-1	-1	-1	-1	-1	-1	-1	-1
-41.9868328569417	-1	0	-1	-1	0	-1	-1	-1	-1	0	0	-1	-1	-1	-1	-1	-1	-1	-1	0	0	-1	-1	0	-1	-1	-1	-1	-1	1	-1	-1	0	-1	-1	-1	-1	-1	0	-1	-1	-1	-1	0	-1	-1	-1	-1	0	-1	-1	-1	-1	-1	-1	-1	-1	-1	-1	-1	-1	-1	0	-1	-1	-1	-1	-1	-1	-1	-1	-1	-1	-1	-1	-1	0	1	-1	0	1	0	-1	-1	0	0	-1	-1	-1	-1	-1	-1	-1	-1	-1	0	-1	-1	-1	-1
-57.0506111068394	0	-1	-1	-1	-1	0	-1	-1	0	-1	-1	0	-1	-1	0	-1	-1	-1	-1	-1	-1	-1	-1	-1	-1	-1	-1	-1	0	-1	-1	-1	-1	-1	0	-1	0	0	-1	-1	-1	-1	-1	-1	-1	-1	-1	-1	0	0	-1	-1	-1	-1	-1	-1	0	-1	-1	-1	-1	-1	-1	-1	-1	-1	-1	-1	-1	-1	-1	0	-1	-1	-1	-1	-1	-1	-1	-1	-1	-1	-1	-1	-1	-1	0	-1	-1	-1	-1	-1	-1	-1	-1	-1	-1	-1	-1	-1
-53.1977857039761	-1	0	-1	0	-1	-1	-1	0	-1	0	-1	1	-1	-1	-1	0	-1	-1	-1	0	-1	-1	-1	-1	-1	-1	-1	-1	-1	-1	-1	-1	-1	-1	-1	-1	-1	0	-1	-1	-1	-1	-1	-1	-1	-1	-1	-1	-1	-1	-1	0	-1	-1	-1	-1	-1	-1	0	-1	-1	-1	-1	-1	-1	-1	-1	-1	-1	-1	-1	-1	-1	-1	-1	-1	-1	0	-1	0	-1	-1	-1	-1	-1	-1	-1	-1	-1	-1	-1	-1	-1	-1	0	-1	-1	0	-1	-1
-50.2017447939713	-1	-1	0	-1	-1	-1	-1	0	0	-1	-1	-1	-1	-1	-1	-1	-1	-1	-1	0	-1	-1	-1	-1	-1	0	0	1	0	-1	-1	-1	0	-1	-1	0	-1	-1	-1	-1	-1	-1	-1	-1	-1	-1	-1	-1	-1	-1	-1	-1	0	0	-1	-1	-1	0	-1	0	0	-1	-1	0	-1	-1	-1	0	-1	0	-1	-1	-1	-1	-1	-1	-1	-1	-1	0	-1	-1	-1	0	-1	-1	-1	-1	-1	-1	-1	-1	-1	-1	-1	-1	-1	-1	-1	-1
4.79967125176874	-1	-1	-1	-1	-1	-1	1	-1	0	-1	-1	-1	-1	-1	-1	0	-1	-1	-1	-1	0	-1	-1	0	-1	-1	-1	-1	-1	1	-1	-1	0	-1	-1	-1	0	0	0	-1	-1	-1	-1	-1	-1	-1	-1	0	-1	-1	-1	-1	-1	-1	-1	-1	-1	-1	0	0	-1	-1	0	-1	-1	0	-1	-1	-1	-1	-1	-1	1	-1	-1	-1	-1	-1	-1	-1	-1	0	-1	-1	-1	-1	-1	0	-1	-1	-1	-1	-1	0	-1	-1	-1	0	0	-1
-32.4803175729911	-1	0	-1	-1	0	0	0	-1	-1	0	-1	-1	-1	-1	-1	0	-1	-1	-1	-1	-1	-1	-1	-1	-1	-1	0	-1	-1	-1	-1	0	-1	-1	-1	-1	-1	0	-1	-1	-1	-1	-1	-1	0	0	-1	-1	-1	-1	-1	-1	0	-1	-1	-1	-1	-1	-1	-1	-1	-1	-1	-1	0	-1	-1	-1	-1	-1	-1	-1	0	-1	-1	-1	-1	-1	-1	-1	-1	-1	-1	-1	-1	-1	-1	-1	-1	-1	-1	-1	0	-1	-1	-1	-1	-1	-1	0
-37.4286180503962	-1	0	0	0	-1	-1	-1	-1	0	-1	-1	-1	-1	-1	-1	-1	-1	-1	-1	-1	-1	-1	-1	-1	0	-1	-1	-1	-1	0	-1	-1	-1	-1	-1	-1	-1	-1	-1	-1	-1	-1	0	-1	0	-1	-1	-1	-1	-1	-1	-1	-1	-1	-1	0	-1	-1	-1	0	0	-1	-1	-1	-1	-1	0	-1	-1	-1	-1	-1	0	-1	-1	-1	-1	0	-1	-1	-1	-1	-1	-1	-1	1	-1	-1	0	-1	-1	-1	-1	-1	-1	-1	-1	-1	-1	-1
-41.8769782021884	-1	-1	-1	0	0	-1	0	0	-1	-1	-1	-1	-1	-1	0	-1	-1	-1	-1	0	-1	-1	-1	-1	-1	-1	-1	-1	-1	-1	0	-1	-1	-1	-1	-1	-1	-1	-1	-1	-1	-1	-1	-1	0	-1	-1	-1	-1	-1	-1	-1	-1	-1	-1	-1	0	-1	-1	-1	-1	-1	-1	-1	0	-1	-1	-1	-1	-1	-1	0	-1	0	-1	-1	-1	-1	-1	-1	-1	-1	0	0	-1	-1	-1	0	-1	0	-1	-1	0	-1	-1	-1	-1	-1	-1	-1
-28.0129397897751	-1	-1	-1	-1	0	-1	0	0	-1	-1	-1	-1	0	0	0	-1	-1	0	-1	0	-1	-1	-1	-1	-1	-1	0	-1	0	0	-1	-1	0	-1	0	-1	-1	-1	-1	0	-1	-1	-1	-1	-1	-1	-1	0	-1	-1	-1	-1	0	-1	-1	-1	-1	-1	-1	-1	-1	-1	-1	-1	-1	-1	-1	-1	-1	-1	-1	-1	-1	-1	-1	-1	-1	-1	-1	-1	-1	-1	0	0	-1	-1	-1	-1	-1	-1	-1	-1	-1	-1	-1	-1	-1	-1	0	-1
-49.2568603796222	-1	0	-1	-1	-1	-1	-1	-1	-1	-1	-1	-1	-1	0	-1	-1	0	-1	-1	-1	-1	-1	-1	-1	0	-1	-1	-1	-1	0	-1	-1	-1	0	-1	-1	-1	-1	-1	-1	0	-1	-1	-1	0	-1	-1	-1	-1	0	-1	-1	-1	-1	0	0	-1	-1	-1	-1	-1	-1	-1	0	-1	-1	-1	-1	-1	-1	-1	-1	-1	-1	-1	-1	-1	0	-1	-1	-1	-1	-1	0	0	-1	-1	-1	-1	-1	0	-1	-1	-1	0	-1	-1	-1	-1	-1
-45.0245999672248	-1	-1	-1	-1	0	-1	-1	0	0	-1	-1	-1	-1	-1	-1	-1	-1	-1	-1	-1	-1	-1	-1	-1	-1	0	-1	0	0	-1	0	-1	-1	-1	-1	-1	-1	-1	-1	-1	-1	-1	-1	0	-1	-1	-1	-1	0	-1	-1	-1	-1	0	-1	-1	0	-1	-1	-1	-1	-1	-1	-1	-1	1	-1	-1	-1	-1	-1	-1	-1	-1	0	-1	-1	-1	0	-1	0	-1	-1	-1	-1	-1	-1	-1	-1	-1	-1	0	-1	-1	0	0	-1	-1	-1	-1
-56.1431710226214	-1	-1	0	-1	0	-1	-1	-1	0	0	-1	-1	-1	-1	-1	-1	-1	-1	0	-1	-1	0	0	-1	-1	-1	0	-1	-1	-1	-1	-1	-1	-1	-1	-1	-1	-1	0	-1	-1	-1	-1	-1	-1	-1	-1	0	-1	-1	0	-1	-1	-1	0	-1	-1	-1	-1	0	-1	-1	-1	-1	-1	-1	-1	-1	-1	-1	-1	-1	-1	0	-1	-1	-1	0	-1	-1	-1	-1	-1	-1	-1	-1	-1	-1	-1	-1	-1	-1	-1	-1	0	-1	-1	-1	-1	0
-47.7412312844805	0	-1	-1	0	-1	0	-1	-1	-1	0	-1	-1	-1	-1	-1	-1	0	-1	-1	0	-1	-1	-1	-1	-1	-1	-1	-1	-1	-1	-1	-1	0	-1	-1	-1	0	-1	-1	-1	-1	0	-1	-1	-1	-1	-1	-1	0	-1	0	0	-1	-1	0	0	-1	-1	-1	-1	-1	-1	0	-1	-1	0	-1	-1	-1	-1	-1	-1	0	-1	-1	-1	-1	-1	-1	-1	-1	-1	-1	-1	-1	-1	-1	-1	-1	-1	-1	-1	-1	-1	-1	0	-1	-1	0	-1
-37.5968939719763	-1	-1	0	-1	-1	-1	-1	-1	-1	-1	-1	-1	-1	0	-1	-1	-1	-1	-1	-1	-1	-1	-1	-1	-1	-1	0	-1	-1	-1	-1	0	-1	-1	-1	0	-1	0	-1	-1	-1	-1	-1	-1	-1	-1	-1	-1	-1	0	0	-1	-1	-1	0	-1	-1	-1	-1	-1	-1	-1	-1	-1	-1	-1	-1	-1	0	0	-1	-1	1	-1	-1	-1	-1	0	0	-1	-1	-1	-1	-1	-1	0	0	-1	-1	-1	-1	0	-1	0	-1	-1	-1	-1	-1	-1
-35.4177174328422	-1	-1	0	-1	-1	0	0	-1	-1	-1	-1	-1	-1	0	-1	-1	-1	-1	-1	-1	0	-1	-1	-1	-1	-1	0	-1	-1	-1	-1	-1	-1	-1	-1	-1	0	-1	0	-1	0	-1	-1	-1	-1	-1	-1	0	-1	-1	0	-1	-1	-1	-1	-1	-1	-1	-1	-1	-1	-1	-1	-1	-1	0	-1	-1	-1	-1	-1	-1	0	-1	-1	-1	0	-1	-1	-1	-1	-1	-1	-1	0	-1	-1	-1	-1	-1	-1	-1	-1	-1	-1	-1	-1	0	0	-1
-30.6391093371264	-1	-1	-1	-1	-1	-1	-1	-1	-1	-1	-1	0	0	-1	0	-1	-1	-1	-1	-1	-1	-1	-1	-1	-1	0	-1	-1	-1	-1	-1	-1	-1	-1	-1	-1	0	-1	0	1	-1	0	-1	-1	-1	-1	-1	-1	0	-1	-1	0	-1	-1	-1	-1	-1	-1	-1	0	-1	-1	-1	-1	-1	-1	-1	-1	-1	-1	-1	-1	0	-1	-1	-1	-1	-1	-1	-1	-1	-1	-1	-1	-1	-1	-1	0	0	-1	-1	0	-1	-1	-1	0	-1	-1	0	-1
-44.5370900634201	-1	-1	-1	-1	-1	-1	-1	0	0	-1	-1	-1	-1	-1	-1	-1	0	-1	-1	-1	-1	-1	-1	0	-1	-1	-1	-1	0	0	-1	-1	-1	-1	-1	0	-1	-1	-1	-1	-1	-1	-1	-1	-1	-1	0	-1	-1	-1	-1	-1	-1	1	0	-1	-1	-1	-1	0	-1	0	-1	-1	-1	-1	-1	-1	-1	-1	-1	0	-1	-1	-1	-1	-1	-1	-1	-1	-1	0	0	-1	-1	-1	0	-1	-1	-1	0	-1	-1	-1	-1	-1	-1	-1	-1	-1
-41.2483365582568	-1	-1	-1	-1	0	-1	-1	0	-1	0	-1	-1	-1	-1	-1	-1	-1	-1	-1	0	-1	-1	0	-1	-1	0	-1	-1	-1	-1	-1	-1	-1	-1	-1	-1	0	-1	-1	-1	-1	-1	-1	-1	-1	-1	-1	-1	-1	-1	0	-1	-1	0	-1	-1	-1	0	0	-1	1	0	-1	-1	-1	-1	-1	-1	-1	-1	-1	-1	-1	-1	-1	-1	-1	0	-1	-1	-1	-1	-1	-1	0	-1	-1	-1	-1	-1	0	0	-1	-1	-1	-1	-1	0	-1	-1
-45.7459672454493	0	-1	-1	-1	-1	-1	0	0	0	-1	0	-1	0	-1	-1	-1	-1	-1	-1	0	-1	0	0	-1	-1	-1	-1	-1	-1	-1	-1	-1	-1	-1	0	-1	-1	-1	-1	-1	-1	-1	-1	-1	-1	-1	-1	-1	-1	-1	-1	-1	-1	-1	-1	-1	0	0	0	-1	-1	-1	-1	-1	-1	0	-1	-1	0	-1	0	-1	-1	1	-1	0	-1	-1	-1	0	-1	-1	-1	-1	-1	-1	-1	-1	-1	-1	-1	-1	-1	-1	-1	-1	-1	-1	-1	-1
-43.099821949318	0	-1	0	0	-1	-1	0	-1	0	-1	-1	-1	-1	-1	-1	-1	0	0	-1	0	-1	-1	-1	-1	-1	-1	0	-1	-1	-1	-1	0	-1	-1	0	-1	-1	-1	-1	-1	-1	-1	-1	-1	-1	-1	0	-1	-1	1	-1	-1	-1	-1	-1	-1	-1	-1	0	0	-1	-1	-1	-1	-1	-1	-1	-1	-1	-1	-1	-1	-1	-1	0	-1	-1	0	-1	-1	-1	1	-1	-1	-1	-1	-1	-1	-1	-1	-1	-1	-1	-1	-1	-1	-1	-1	-1	-1
-47.864874865625	-1	-1	-1	-1	0	-1	-1	-1	0	-1	-1	-1	-1	0	-1	-1	-1	-1	-1	-1	0	-1	-1	-1	-1	-1	-1	-1	-1	0	-1	0	-1	-1	-1	0	0	-1	-1	0	-1	-1	-1	-1	0	-1	-1	-1	-1	-1	-1	-1	-1	-1	-1	-1	-1	-1	-1	-1	-1	-1	-1	-1	-1	-1	-1	-1	-1	-1	0	-1	-1	-1	-1	-1	-1	-1	-1	-1	-1	-1	-1	-1	-1	0	-1	-1	-1	-1	-1	-1	-1	-1	0	-1	-1	-1	-1	-1
-63.5556829283367	-1	-1	-1	-1	-1	-1	-1	-1	0	-1	-1	-1	-1	0	0	-1	-1	-1	-1	-1	-1	-1	-1	-1	-1	-1	-1	-1	0	-1	-1	-1	-1	-1	-1	-1	-1	0	-1	0	-1	-1	0	-1	0	0	-1	0	0	-1	-1	-1	-1	-1	-1	0	0	0	-1	-1	-1	-1	-1	-1	0	-1	-1	0	-1	-1	-1	0	-1	-1	-1	0	-1	-1	0	-1	-1	-1	-1	-1	0	-1	0	-1	-1	-1	-1	-1	-1	-1	-1	-1	0	0	-1	-1
-24.5540139924439	-1	-1	-1	-1	-1	-1	0	-1	0	-1	-1	-1	-1	-1	-1	-1	-1	-1	-1	-1	0	-1	-1	-1	-1	-1	-1	-1	0	0	-1	-1	-1	-1	-1	0	-1	0	-1	-1	-1	0	-1	0	-1	-1	-1	-1	-1	-1	-1	-1	-1	-1	-1	0	0	-1	-1	0	-1	-1	-1	-1	-1	0	-1	-1	-1	-1	-1	-1	-1	-1	-1	-1	-1	-1	-1	-1	-1	-1	-1	-1	-1	0	-1	-1	0	-1	-1	0	0	-1	-1	-1	-1	-1	-1	-1
-54.9756999762408	-1	0	-1	-1	0	0	-1	-1	-1	-1	-1	-1	-1	0	-1	-1	-1	-1	-1	-1	-1	-1	-1	-1	-1	-1	-1	-1	-1	-1	-1	-1	-1	-1	0	-1	-1	-1	-1	1	-1	-1	-1	-1	-1	-1	-1	-1	0	-1	-1	-1	0	-1	-1	-1	-1	0	0	-1	-1	-1	-1	-1	-1	-1	-1	-1	0	-1	-1	-1	-1	-1	-1	0	-1	-1	0	-1	0	-1	-1	-1	-1	0	-1	-1	-1	0	-1	-1	-1	-1	-1	-1	-1	-1	-1	0
-49.0910392724379	-1	-1	-1	0	-1	-1	-1	-1	-1	-1	-1	0	-1	-1	-1	-1	-1	-1	0	-1	-1	-1	0	0	-1	0	-1	0	0	-1	-1	0	-1	-1	-1	-1	0	-1	0	0	-1	-1	-1	-1	-1	-1	-1	-1	-1	-1	-1	-1	-1	-1	-1	-1	-1	-1	0	-1	-1	-1	-1	-1	0	-1	-1	-1	-1	-1	-1	0	-1	-1	0	-1	-1	-1	0	-1	-1	-1	-1	0	-1	-1	-1	1	-1	-1	-1	-1	-1	-1	-1	-1	0	-1	-1	-1
-18.5375529736967	0	-1	-1	-1	-1	-1	1	0	0	-1	-1	-1	-1	-1	-1	-1	-1	0	0	0	-1	-1	-1	-1	-1	0	-1	0	-1	0	0	0	-1	-1	-1	-1	-1	-1	-1	0	0	-1	-1	-1	-1	-1	-1	-1	-1	-1	0	-1	-1	-1	-1	-1	-1	-1	-1	-1	1	-1	-1	-1	-1	-1	0	0	-1	-1	-1	-1	-1	-1	-1	-1	-1	-1	0	0	-1	-1	0	-1	-1	-1	-1	-1	-1	-1	-1	-1	-1	-1	-1	-1	1	-1	0	-1
-37.1418578053983	-1	-1	0	-1	-1	-1	-1	-1	-1	-1	-1	-1	-1	-1	-1	-1	-1	-1	-1	-1	-1	0	-1	-1	-1	1	-1	-1	-1	-1	-1	-1	-1	0	-1	-1	-1	-1	-1	0	-1	0	-1	-1	-1	-1	-1	-1	-1	0	-1	0	-1	0	-1	0	-1	-1	-1	0	-1	-1	-1	-1	-1	-1	-1	-1	-1	-1	0	-1	-1	0	-1	-1	-1	0	-1	-1	-1	-1	-1	-1	-1	-1	-1	-1	-1	-1	0	-1	-1	-1	-1	-1	-1	-1	-1	-1
-49.6057557730529	0	-1	-1	-1	-1	-1	-1	-1	-1	-1	0	-1	-1	-1	0	0	0	-1	-1	0	-1	0	-1	-1	-1	-1	0	-1	-1	-1	-1	0	0	-1	0	-1	0	0	0	-1	-1	-1	-1	-1	0	-1	-1	-1	-1	0	-1	-1	0	-1	-1	-1	-1	-1	-1	-1	-1	-1	-1	0	-1	-1	-1	-1	-1	-1	-1	-1	-1	-1	-1	0	-1	-1	-1	-1	-1	-1	-1	-1	-1	0	-1	-1	-1	-1	-1	-1	-1	-1	-1	-1	-1	-1	-1	-1
-55.5502826554763	-1	-1	-1	-1	-1	0	-1	0	-1	-1	-1	0	-1	-1	-1	-1	0	0	-1	-1	-1	-1	0	-1	-1	-1	-1	-1	-1	-1	-1	-1	-1	-1	-1	-1	-1	-1	-1	-1	-1	-1	0	-1	-1	0	-1	-1	-1	-1	-1	-1	-1	-1	-1	-1	0	-1	-1	0	-1	-1	-1	-1	-1	0	0	0	-1	-1	-1	-1	-1	-1	-1	0	-1	-1	-1	0	-1	-1	0	-1	-1	-1	-1	-1	-1	-1	-1	-1	-1	-1	0	-1	-1	-1	-1	-1
-58.5428237531911	-1	-1	-1	0	-1	-1	-1	-1	-1	-1	-1	0	-1	-1	-1	0	0	0	-1	-1	-1	-1	0	-1	0	-1	-1	-1	-1	-1	-1	-1	-1	-1	-1	-1	-1	-1	-1	-1	0	-1	-1	0	-1	0	-1	-1	-1	-1	-1	-1	-1	-1	-1	-1	-1	-1	-1	1	-1	0	-1	0	-1	-1	-1	-1	-1	0	-1	0	-1	-1	-1	-1	-1	-1	-1	-1	-1	-1	-1	-1	-1	-1	-1	-1	-1	-1	0	-1	-1	0	-1	-1	-1	1	-1	-1
-41.3051455319959	-1	-1	-1	-1	-1	-1	-1	-1	-1	-1	0	-1	-1	0	-1	-1	-1	-1	-1	-1	-1	-1	-1	-1	-1	-1	-1	-1	-1	-1	-1	0	0	-1	-1	-1	-1	-1	-1	-1	0	-1	-1	0	-1	-1	-1	0	-1	0	-1	-1	-1	1	-1	-1	-1	0	-1	-1	-1	-1	-1	-1	-1	-1	-1	-1	-1	-1	0	0	0	-1	0	-1	-1	0	0	-1	-1	-1	-1	-1	-1	-1	-1	0	-1	-1	-1	-1	0	-1	0	0	-1	-1	0	-1
-45.971390969751	-1	-1	-1	-1	-1	-1	-1	0	-1	-1	-1	0	-1	-1	-1	-1	-1	-1	-1	-1	-1	-1	-1	-1	-1	0	-1	-1	-1	-1	-1	-1	-1	-1	-1	-1	1	-1	-1	-1	-1	-1	-1	-1	-1	-1	-1	0	-1	-1	-1	-1	-1	0	-1	-1	-1	-1	-1	-1	-1	-1	-1	-1	-1	-1	-1	-1	-1	0	-1	-1	-1	-1	-1	-1	-1	-1	0	-1	0	0	-1	-1	-1	-1	-1	0	-1	-1	-1	-1	0	-1	-1	-1	-1	0	-1	-1
-55.8192350110773	-1	0	-1	-1	-1	-1	-1	-1	-1	0	0	-1	-1	-1	-1	-1	-1	-1	0	-1	-1	0	-1	1	-1	-1	-1	-1	-1	-1	-1	-1	-1	-1	-1	-1	-1	-1	0	-1	-1	0	-1	-1	-1	-1	-1	-1	-1	-1	-1	-1	-1	-1	-1	-1	-1	-1	-1	0	-1	-1	-1	-1	-1	-1	-1	-1	-1	-1	-1	-1	-1	-1	-1	0	-1	-1	0	-1	-1	-1	0	0	-1	-1	-1	-1	-1	-1	-1	0	0	-1	-1	0	-1	-1	-1	-1
